# Camera list with one line of data per camera:
#   CAMERA_ID, MODEL, WIDTH, HEIGHT, PARAMS[]
# Number of cameras: 13
13 SIMPLE_RADIAL 2340 2345 2864.003814412888 1170 1172.5 0.0024670347664390844
12 SIMPLE_RADIAL 2340 2345 2840.0493005077465 1170 1172.5 0.0036049594910654778
11 SIMPLE_RADIAL 2340 2345 2844.4916115299575 1170 1172.5 -0.0086909965538322261
10 SIMPLE_RADIAL 2340 2345 2844.8542727295817 1170 1172.5 -0.0047939349836538005
9 SIMPLE_RADIAL 2340 2345 2849.7887770421116 1170 1172.5 0.0018723526383374813
8 SIMPLE_RADIAL 2340 2345 2844.0748802393814 1170 1172.5 0.0039723849762528397
7 SIMPLE_RADIAL 2340 2364 2885.6756309642692 1170 1182 -0.0056034793511038055
6 SIMPLE_RADIAL 2340 2364 2891.3812572353422 1170 1182 0.00069540736810396072
5 SIMPLE_RADIAL 2340 2364 2892.6894656372306 1170 1182 4.1419690873005812e-06
4 SIMPLE_RADIAL 2340 2364 2878.6169673652053 1170 1182 0.0041410176670838902
3 SIMPLE_RADIAL 2340 2364 2864.7786669267621 1170 1182 0.011302300118974965
2 SIMPLE_RADIAL 2340 2364 2862.7700484845636 1170 1182 0.0066603519219195148
1 SIMPLE_RADIAL 2340 2364 2869.9086053739297 1170 1182 0.0085929271348070945
